290.0 285.0  1.220229    7680.0
290.0 280.0  2.639481    7660.0
290.0 275.0  4.063642    7660.0
290.0 270.0  5.492949    7670.0
290.0 265.0  6.927666    7680.0
290.0 260.0  8.368068    7690.0
290.0 255.0  9.814430    7710.0
290.0 250.0 11.267074    7720.0
290.0 245.0 12.726301    7730.0
290.0 240.0 14.192439    7740.0
290.0 235.0 15.665830    7750.0
290.0 230.0 17.146859    7750.0
280.0 275.0  1.051662    8010.0
280.0 270.0  2.496227    7920.0
280.0 265.0  3.946014    7900.0
280.0 260.0  5.401232    7900.0
280.0 255.0  6.862166    7900.0
280.0 250.0  8.329106    7910.0
280.0 245.0  9.802391    7910.0
280.0 240.0 11.282338    7910.0
280.0 235.0 12.769287    7920.0
280.0 230.0 14.263626    7920.0
280.0 225.0 15.765709    7930.0
280.0 220.0 17.275979    7930.0
270.0 265.0  0.882934    8320.0
270.0 260.0  2.350933    8140.0
270.0 255.0  3.824625    8110.0
270.0 250.0  5.304134    8090.0
270.0 245.0  6.789748    8080.0
270.0 240.0  8.281794    8080.0
270.0 235.0  9.780626    8080.0
270.0 230.0 11.286615    8080.0
270.0 225.0 12.800164    8070.0
270.0 220.0 14.321655    8070.0
270.0 215.0 15.851530    8070.0
270.0 210.0 17.390244    8070.0
260.0 255.0  0.715147    8650.0
260.0 250.0  2.204865    8340.0
260.0 245.0  3.700987    8270.0
260.0 240.0  5.203394    8250.0
260.0 235.0  6.712404    8230.0
260.0 230.0  8.228366    8220.0
260.0 225.0  9.751676    8210.0
260.0 220.0 11.282745    8200.0
260.0 215.0 12.821991    8200.0
260.0 210.0 14.369903    8190.0
260.0 205.0 15.926949    8180.0
260.0 200.0 17.493622    8180.0
250.0 245.0  0.549307    9030.0
250.0 240.0  2.059131    8500.0
250.0 235.0  3.576414    8410.0
250.0 230.0  5.100578    8370.0
250.0 225.0  6.631935    8340.0
250.0 220.0  8.170872    8320.0
250.0 215.0  9.717816    8310.0
250.0 210.0 11.273243    8290.0
250.0 205.0 12.837621    8280.0
250.0 200.0 14.411471    8270.0
250.0 195.0 15.995340    8260.0
250.0 190.0 17.589809    8250.0
240.0 235.0  0.386432    9540.0
240.0 230.0  1.914677    8630.0
240.0 225.0  3.452062    8510.0
240.0 220.0  4.997044    8450.0
240.0 215.0  6.549908    8420.0
240.0 210.0  8.111098    8390.0
240.0 205.0  9.681081    8370.0
240.0 200.0 11.260376    8350.0
240.0 195.0 12.849530    8330.0
240.0 190.0 14.449109    8320.0
240.0 185.0 16.059762    8300.0
240.0 180.0 17.682130    8280.0
230.0 225.0  0.227918   10420.0
230.0 220.0  1.772317    8730.0
230.0 215.0  3.328919    8570.0
230.0 210.0  4.893955    8500.0
230.0 205.0  6.467691    8460.0
230.0 200.0  8.050610    8420.0
230.0 195.0  9.643223    8400.0
230.0 190.0 11.246134    8370.0
230.0 185.0 12.859936    8350.0
230.0 180.0 14.485297    8330.0
230.0 175.0 16.122922    8310.0
230.0 170.0 17.773565    8290.0
220.0 215.0  0.077695   13160.0
220.0 210.0  1.632760    8800.0
220.0 205.0  3.207832    8600.0
220.0 200.0  4.792323    8510.0
220.0 195.0  6.386455    8460.0
220.0 190.0  7.990746    8420.0
220.0 185.0  9.605789    8390.0
220.0 180.0 11.232243    8360.0
220.0 175.0 12.870808    8330.0
220.0 170.0 14.522235    8300.0
220.0 165.0 16.187318    8280.0
220.0 160.0 17.866959    8250.0
210.0 205.0 -0.000004  144000.0
210.0 200.0  1.496646    8840.0
210.0 195.0  3.089557    8590.0
210.0 190.0  4.693026    8490.0
210.0 185.0  6.307214    8430.0
210.0 180.0  7.932693    8380.0
210.0 175.0  9.570133    8340.0
210.0 170.0 11.220271    8310.0
210.0 165.0 12.883915    8280.0
210.0 160.0 14.561954    8240.0
210.0 155.0 16.255289    8210.0
210.0 150.0 17.964950    8180.0
200.0 195.0 -0.000022  144000.0
200.0 190.0  1.364588    8860.0
200.0 185.0  2.974787    8550.0
200.0 180.0  4.596875    8430.0
200.0 175.0  6.230912    8360.0
200.0 170.0  7.877531    8310.0
200.0 165.0  9.537512    8260.0
200.0 160.0 11.211695    8220.0
200.0 155.0 12.901017    8180.0
200.0 150.0 14.606489    8140.0
200.0 145.0 16.329191    8110.0
200.0 140.0 18.070356    8070.0
190.0 185.0 -0.000036  144000.0
190.0 180.0  1.237222    8840.0
190.0 175.0  2.864223    8470.0
190.0 170.0  4.504666    8330.0
190.0 165.0  6.158475    8250.0
190.0 160.0  7.826365    8190.0
190.0 155.0  9.509224    8140.0
190.0 150.0 11.208052    8090.0
190.0 145.0 12.923924    8050.0
190.0 140.0 14.658039    8010.0
190.0 135.0 16.411729    7960.0
190.0 130.0 18.186382    7920.0
180.0 175.0 -0.000045  144000.0
180.0 170.0  1.115245    8790.0
180.0 165.0  2.758628    8340.0
180.0 160.0  4.417269    8190.0
180.0 155.0  6.090914    8110.0
180.0 150.0  7.780396    8040.0
180.0 145.0  9.486745    7980.0
180.0 140.0 11.211128    7930.0
180.0 135.0 12.954850    7880.0
180.0 130.0 14.719339    7830.0
180.0 125.0 16.506167    7780.0
180.0 120.0 18.317075    7730.0
170.0 165.0 -0.000048  144000.0
170.0 160.0  0.999471    8700.0
170.0 155.0  2.658888    8180.0
170.0 150.0  4.335726    8010.0
170.0 145.0  6.029494    7920.0
170.0 140.0  7.741164    7840.0
170.0 135.0  9.471951    7780.0
170.0 130.0 11.223278    7720.0
170.0 125.0 12.996709    7660.0
170.0 120.0 14.793977    7600.0
170.0 115.0 16.616993    7550.0
170.0 110.0 18.467949    7490.0
160.0 155.0 -0.000047  144000.0
160.0 150.0  0.890885    8590.0
160.0 145.0  2.566128    7970.0
160.0 140.0  4.261376    7790.0
160.0 135.0  5.975857    7680.0
160.0 130.0  7.710705    7600.0
160.0 125.0  9.467419    7530.0
160.0 120.0 11.247717    7460.0
160.0 115.0 13.053506    7400.0
160.0 110.0 14.886944    7340.0
160.0 105.0 16.750442    7280.0
160.0 100.0 18.646749    7210.0
150.0 145.0 -0.000041  144000.0
150.0 140.0  0.790703    8430.0
150.0 135.0  2.481790    7720.0
150.0 130.0  4.196019    7520.0
150.0 125.0  5.932247    7410.0
150.0 120.0  7.691879    7320.0
150.0 115.0  9.476757    7240.0
150.0 110.0 11.288993    7170.0
150.0 105.0 13.131005    7100.0
150.0 100.0 15.005507    7030.0
150.0 95.0 16.915573    6960.0
150.0 90.0 18.864710    6890.0
140.0 135.0 -0.000032  144000.0
140.0 130.0  0.700426    8230.0
140.0 125.0  2.407780    7420.0
140.0 120.0  4.142096    7210.0
140.0 115.0  5.901841    7080.0
140.0 110.0  7.688749    6990.0
140.0 105.0  9.505164    6900.0
140.0 100.0 11.353749    6820.0
140.0 95.0 13.237564    6750.0
140.0 90.0 15.160162    6670.0
140.0 85.0 17.125531    6590.0
140.0 80.0 19.138281    6520.0
130.0 125.0 -0.000023  144000.0
130.0 120.0  0.621925    7980.0
130.0 115.0  2.346617    7070.0
130.0 110.0  4.102965    6840.0
130.0 105.0  5.889023    6710.0
130.0 100.0  7.707051    6610.0
130.0 95.0  9.560023    6520.0
130.0 90.0 11.451431    6430.0
130.0 85.0 13.385254    6350.0
130.0 80.0 15.366185    6260.0
130.0 75.0 17.399561    6180.0
130.0 70.0 19.491737    6100.0
